# Input data (1, 784)
0
0
0
0
0
0
0
0
0
0
0
0
0
0
0
0
0
0
0
0
0
0
0
0
0
0
0
0
0
0
0
0
0
0
0
0
0
0
0
0
0
0
0
0
0
0
0
0
0
0
0
0
0
0
0
0
0
0
0
0
0
0
0
0
0
0
0
0
0
0
0
0
0
0
0
0
0
0
0
0
0
0
0
0
0
0
0
0
0
0
0
0
0
0
0
0
0
0
0
0
0
0
0
0
0
0
0
0
0
0
0
0
0
0
0
0
0
0
0
0
0
0
0
0
0
0
0
0
0
0
0
0
0
0
0
0
0
0
0
0
0
0
0
0
0
0
0
0
0
0
0
93
164
210
249
249
193
14
0
0
0
0
0
0
0
0
0
0
0
0
0
0
0
0
0
0
0
19
176
252
236
180
180
242
253
213
0
0
0
0
0
0
0
0
0
0
0
0
0
0
0
0
0
0
0
203
235
135
17
0
0
39
241
251
125
0
0
0
0
0
0
0
0
0
0
0
0
0
0
0
0
0
69
252
167
0
0
0
0
0
130
253
222
0
0
0
0
0
0
0
0
0
0
0
0
0
0
0
0
0
74
216
79
0
0
0
0
0
45
253
230
13
0
0
0
0
0
0
0
0
0
0
0
0
0
0
0
0
7
9
0
0
0
0
0
0
38
253
253
103
0
0
0
0
0
0
0
0
0
0
0
0
0
0
0
0
0
0
0
0
0
0
0
0
4
211
253
141
0
0
0
0
0
0
0
0
0
0
0
0
0
0
0
0
0
0
0
0
0
0
0
0
0
206
253
141
0
0
0
0
0
0
0
0
0
0
0
0
0
0
0
0
0
0
0
0
0
0
0
0
6
214
253
128
0
0
0
0
0
0
0
0
0
0
0
0
0
0
0
0
0
0
0
0
0
0
0
0
38
253
253
55
0
0
19
67
123
38
0
0
0
0
0
0
0
0
0
0
0
0
0
0
0
0
6
34
97
253
253
207
157
206
224
253
240
160
0
0
0
0
0
0
0
0
0
0
8
30
82
137
202
202
211
253
253
253
253
250
222
222
126
51
32
0
0
0
0
0
0
0
0
0
8
137
213
253
253
253
253
239
227
249
253
253
154
49
0
0
0
0
0
0
0
0
0
0
0
0
0
0
185
253
246
179
146
67
59
27
0
215
253
219
11
0
0
0
0
0
0
0
0
0
0
0
0
0
0
0
254
221
48
0
0
0
0
3
137
243
231
49
0
0
0
0
0
0
0
0
0
0
0
0
0
0
0
0
253
205
3
0
0
0
7
179
253
246
64
0
0
0
0
0
0
0
0
0
0
0
0
0
0
0
0
0
215
253
158
177
130
96
212
251
198
48
0
0
0
0
0
0
0
0
0
0
0
0
0
0
0
0
0
0
0
131
246
248
248
248
171
72
0
0
0
0
0
0
0
0
0
0
0
0
0
0
0
0
0
0
0
0
0
0
0
0
0
0
0
0
0
0
0
0
0
0
0
0
0
0
0
0
0
0
0
0
0
0
0
0
0
0
0
0
0
0
0
0
0
0
0
0
0
0
0
0
0
0
0
0
0
0
0
0
0
0
0
0
0
0
0
0
0
0
0
0
0
0
0
0
0
0
0
0
0
0
0
0
0
0
0
0
0
0
0
0
0
0
0
0
0
0
0
0
0
0
0
0
0
0
0
0
0
0
0
0
0
0
0
0
0
0
0
0
0
0
0
0
0
0
0
0
0
0
0
0
0
0
0
0
0
0
0
0
0
0
